190: 10 19
3267: 81 40 27
83: 17 5
156: 15 6
7290: 6 8 6 15
161011: 16 10 13
192: 17 8 14
21037: 9 7 18 13
292: 11 6 16 20
21006540: 25 34 307 82 27
3040: 579 5 7 113 25 1
313997964: 683 8 1 65 50 7 581 6 2
3271266: 4 95 3 2 17 7 3 2 2 8
10282: 9 3 7 35 587
2453134: 2 444 1 7 784
415875: 630 330 9 2 27 27 3
72142: 6 6 2 144 1
1651601: 2 27 38 5 326 601
7624420281: 8 9 44 6 270 916 437 1
113837: 199 6 164 65 80
12739906141957: 9 4 5 55 3 5 484 86 9 5 8
32982: 1 13 55 2 46
2409169969: 4 669 849 6 5 1 3 3 8 1 4
1908: 3 286 901 1 131 1 6 7 3
4027776: 2 2 300 22 42 7 7 92 9 7
680029: 16 182 9 6 7 7
840365: 8 77 28 13 31 63
2124871: 35 18 8 1 333
6920395595: 768 924 7 5 9 1 3 9 3 6
1453: 24 774 81 1 7 12 554
63376011440420: 489 6 9 6 7 3 430 8 420
6019752: 720 5 47 2 9 9 1 9 4 7 4 6
879537: 91 4 892 48 7
25065934: 643 8 9 8 486
3162431: 7 9 9 4 81 720 92 8 6 33
31675: 1 200 4 6 64 944 26 6 1
1338679: 9 859 52 4 43
1188156: 99 24 5 2 13 5
3752: 65 76 9 5 5
2545320: 39 3 2 8 217 287 60
48411: 9 1 62 16 76 75
23041864: 89 4 6 4 2 1 493 8 127
22410125397: 287 3 4 372 25 78
48469384739103: 760 9 98 84 2 1 4 325 2
94089: 2 801 82 1 72 98 303
1781386252870: 836 296 857 84 70
842184572761: 2 1 484 3 5 56 9 7 7 7 2 7
133427407696488: 13 342 740 7 69 6 48 8
9110979: 5 9 2 36 4 8 2 125 81 1 9
8910566: 6 95 319 8 7 61 8 7 18 3
51357096: 3 3 870 937 8 5 3 2 7
34446426337: 5 29 4 464 2 63 34
3774387: 9 4 80 94 386
12236656: 4 3 4 89 92 4 701
303317: 2 300 56 75 4
775: 67 19 35 34 5
50310516: 779 9 586 6 4 27 87 5
6496490884: 7 1 2 9 643 5 306 8 2 8 1
2832005402: 6 9 8 6 3 775 3 7 75 56
8586378: 20 1 678 211 966 3
1119486: 38 1 982 3 7
1610081198: 142 7 325 623 8
106848644: 35 64 477 5 92 53
268950872: 827 6 661 82 548
1128001681: 8 813 4 720 68 85 27 1
14455944: 8 6 9 66 8 34 1 236 9 41
4876: 8 7 45 58 903
483548290: 302 2 435 31 8 40
297919: 2 97 8 31 86
5462: 54 53 9
59689244: 215 83 2 89 245
5760: 10 950 6
5133911: 85 5 651 1 6
2871090: 30 8 5 70 73 9
1617: 90 5 9 455 703
6280016: 42 32 674 4 778
358324443: 3 55 34 9 9 3 9 4 43 7 1 9
128522528: 304 5 7 5 2 5 8 4 46 262
29725099907: 91 9 732 316 46 788
17430: 60 7 107 25 3 4
68861: 6 834 12 66 75 9
395388218061: 207 717 6 185 82 4 24
671680: 8 3 56 22 7 173 8
2078072263003: 45 7 928 3 8 7 143 7
23591001606: 2 270 97 6 6 8 8 3 8 45 8
5028844: 2 3 645 992 8 1 977 38
94156170: 793 253 178 9 8 9
653437159: 8 8 903 735 9 95 2
3187533: 31 1 8 75 33
6465002135: 30 9 5 9 4 17 208 85 37
41084417: 972 1 1 6 7 6 8 410 1 3 5
60327030962: 9 183 95 1 2 9 34 630
282131: 3 35 36 475 1 3 8 906 1
1022: 9 4 5 598 60
4718700332943: 269 2 7 8 8 1 649 98 9 3
26119: 98 4 7 817 1 8 774 9 6 7
503041408658: 5 8 1 192 3 5 17 8 8 695
13044655: 4 4 305 82 8
19605: 73 2 2 580 3 58 21 8 4
161523933627: 4 74 8 4 706 1 966 6 15
48946195: 3 43 268 27 8 445 90 4
318503: 401 862 7 4 5 50 3
29960: 298 2 6 1 79
54432: 18 503 1 6 1 8 3 3 5 2 1 8
637403878: 5 29 5 5 609 49 8 115
14447102: 8 9 9 4 29 66 6 2 7 2 2 32
3389068798: 584 26 6 496 75
580304: 66 7 87 1 7
536740859878: 7 6 6 7 724 2 5 696 7 3
1876678: 40 1 195 24
30988: 67 576 48 94 27
23031904: 7 2 2 7 7 89 8 5 873 4
73175223: 2 39 3 9 8 3 1 4 4 856 3 1
2880: 2 1 2 10 9 8
362226: 53 3 6 7 89 4 1 98 7 9 4 5
12825653249: 12 9 2 4 9 4 7 624 1 930
119: 26 5 1 85 2
331875: 3 910 355 233 74
574350655: 7 347 311 75 65 5
3833636857: 931 3 1 7 264 4 368 55
16823: 2 1 922 757 3
106905191: 2 3 8 6 3 7 148 9 7 4 9 1
464946: 28 8 240 540 396 9
11098882298: 842 822 667 2 298
22417725: 3 474 3 9 239
2708076: 4 51 275 6 6 390
1223586: 5 22 83 6 91
1191895808: 433 4 95 957 4 30 36 2
3738722521: 9 3 183 3 5 9 45 4 6 1 7 7
118272019: 8 33 5 8 7 200 8 5 9 5
3517931104: 2 4 3 2 9 5 5 9 24 555 2 1
18725: 214 4 81 980 86
1354914: 50 499 1 139 54 54
5843988: 8 46 283 1 85 2 3 68
20169406713231: 521 1 733 387 323 1
744800781612: 1 919 6 4 3 735 809
1073511148: 153 2 2 3 5 8 7 10 3 5 7 3
3765387711: 7 5 7 90 964 2 4 5 6 3 6 3
885288: 51 5 3 573 6
106496424722: 26 9 30 7 1 84 645 4
307722: 1 5 155 6 5 1 3 215 2 3 9
424903131831: 2 3 399 3 6 467 82 19 4
4496526097: 707 636 609 1 5
6502368: 430 97 511 2 154 26
241927984079015: 40 321 3 3 6 407 901 6
517438860: 900 7 6 4 4 8 5 4 2 2 205
2204113: 22 5 201 1 2 9 3
1171449: 918 154 2 992 51
37502: 1 4 808 5 4 869 9 3 509
341910332: 684 495 5 580 3 4 26 3
517919876: 225 23 8 2 337 875
20889447610522: 29 72 9 4 47 6 105 11 9
686554: 4 682 131 420 3
422432339989: 80 132 8 8 6 783 16 8 5
1798207863: 364 6 486 7 76 8 95
2895657: 579 5 656
2226125: 1 4 39 6 21 23 7 31 23 1
74874120: 886 248 490 34 10
88183: 9 27 377 3 56 1 46
20224434: 4 64 79 424 7
1326312959: 202 8 654 9 60
122921784: 1 8 3 3 2 2 347 6 5 7 9 8
11486471: 1 700 447 6 472
1636: 648 214 6 157 611
326862: 9 7 9 345 2 5 156 5 3 34
1611934626601: 67 2 422 230 426 565
747063553: 4 1 8 1 5 5 4 3 4 3 3 550
144369984: 594 344 735 44 16
8047003: 203 54 11 3 639 8 605
66526096669: 336 4 2 671 394 421 7
30115: 1 286 6 25 95
19459406871: 654 58 567 57 9
107920042: 33 53 23 99 99 7 7 65
10886538069: 27 9 5 6 2 7 2 390 3 3 3 2
10757568077: 7 4 7 3 2 4 1 1 5 5 680 74
161169: 8 50 846 37 93
107336: 33 74 3 37 2
8112: 6 6 126 5 5 1 7 8 3 7 501
90895: 6 992 4 15 6 708 3 4
16482: 1 15 2 969 9
34835544666: 754 66 7 3 638 7 8
793985902: 7 86 7 985 901
114481765103: 572 3 1 5 2 88 17 8 5 2 2
33518397499: 33 517 47 83 9 74 96 1
1931715: 374 514 899 36 3
33334170: 75 351 782 63 146 73
8913: 7 966 861 7 76
47564: 3 9 1 8 8 797 3 8 2 3 914
97089601: 33 9 5 895 64
29941: 2 33 2 9 379
64044390: 108 593 32 6 3 5
326823: 9 95 6 99 3 17 3 65
43876526: 23 7 277 765 27
931: 3 1 1 8 919
5221582651: 77 8 972 494 265 4
328090: 1 6 4 8 4 9 5 1 390 4 86
587: 1 1 30 6 407
140921: 6 5 36 427 5 2 9
3997184: 906 5 407 422
276838647: 775 2 3 105 7 6 4 81 87
17133: 349 6 8 367 14
2070007086: 5 78 945 32 9 3 312 5 6
3961189205: 8 6 8 7 14 86 4 4 2 70 9 5
598960: 42 7 5 2 958
107678536388: 63 9 61 7 8 481 5 8 481
965: 4 76 3 75 650
5861399: 94 54 784 1 397
25026942: 904 41 7 3 2 75 5 66 9 3
530568080: 728 9 77 3 720 83
41680581411: 597 1 430 698 9
54302894542: 6 1 3 46 15 6 6 5 4 949 9
582713856278: 5 85 1 1 192 9 95 7 78 9
195214456: 3 9 554 4 524 1 4 68 56
2038083709: 3 7 7 9 5 88 3 6 47 4 4 2
459326: 58 2 1 89 1 86
17396638: 9 7 635 5 8 6 3 1 8 95 48
1041625: 55 1 7 6 9 5 50 25 9 6
2819210944: 9 910 618 557 3
15585540419: 95 7 4 23 9 7 1 2 5 6 2 59
10298: 157 6 79 9 76
11492706: 61 330 758 199 71 8
8854: 3 4 205 37 8
4305912044: 4 742 120 1 481 2 2 1
1242: 4 92 9 558 579
2528647: 5 8 8 5 6 7 50 8 8 3 61 5
10796: 384 686 5 89 3 1
47138: 6 7 5 590 74
37958302272: 5 6 7 5 6 7 21 72 2 88 2
8462383293: 1 7 3 1 62 483 93 3 8 90
57571008: 56 550 95 676 332
248946: 1 158 9 44 853 3 47 1
107494: 85 4 2 8 6 3 1 4 460 5 26
2686860: 9 2 94 5 46 198 66 5 23
441701927: 441 701 85 7 7
1287: 54 6 99 55 6 3
7383000439: 2 5 5 69 856 359 7 72 2
110166394892402: 8 3 667 8 725 15 880 7
2623608202320: 43 699 7 9 368 753 5
18159: 8 10 9 3 4 2 4 75 9 2 2
273415518576: 6 5 159 88 4 699 11 2 8
245239161: 8 6 6 5 9 7 8 7 329 62 5 8
640349: 8 58 9 3 66 23 75 70 2 9
444: 9 6 8 6 60 258
23133404759: 3 7 8 358 1 8 9 4 7 2 75 8
2463097: 66 754 952 3 172 68
9640: 38 75 5 70 8
48661: 2 5 337 6 14
1232158922: 55 27 6 1 1 6 4 2 357 25
34923657600: 855 17 445 64 900
645123467: 17 9 2 9 4 3 35 2 78 2 38
3412: 579 59 40 3 5 7
41067972: 1 2 57 8 4 6 15 46 81 2
309348864023: 2 488 48 1 9 2 44 8 5 21
733785: 12 9 6 2 67 11 2 3 1 8 9
613115275: 4 61 152 1 15 275
938196: 1 305 6 643 6 9 9 63 1
278886: 1 84 83 1 4 6
2499917: 5 3 9 132 6 1 29 2 46 1
3235107: 3 2 647 1 10
171861: 6 364 27 33
1145352936282: 3 4 80 227 936 371 5
14528570: 4 417 82 43 83
390500455: 61 64 95 4 50 95 2
112841: 434 959 9 9 6
176390: 13 5 68 13 4
2722093: 2 71 8 7 33 96
2537080: 4 17 374 7 820
53843812: 179 28 61 194 3 4 7 44
3993543900: 945 6 14 76 281 25
14118867: 2 7 6 257 582 9 78 1 9
5324: 7 8 4 9 1 43 5 5 95 8 1 3
22176: 2 2 92 45 33
2085099: 90 6 56 23 2 8
885031426: 88 503 10 451 973
1243374: 5 3 29 813 295
3361176: 452 955 322 54 36
76987757: 769 27 1 606 56
87261824: 9 30 7 109 2 7 7 1 4 832
16872660: 43 3 43 79 46
27889: 336 1 83 1
85077718: 795 343 312
3676284482: 62 9 6 2 546 2 7 106 8
1084330: 39 4 4 23 4 1 673 1 476
1516: 62 604 853
254493: 863 17 4 3 6 6 8 4 875 2
130312325659: 52 12 493 5 5 661
477864: 95 37 755 74 2 11 4
373154250: 6 97 3 188 4 565 50 17
559626: 12 3 3 69 141
460469780164: 85 272 1 7 1 6 9 9 6 1
68748162: 7 7 1 384 42 1 3 9 4 7 6 1
19444685906: 1 981 55 3 9 8 8 3 8 5 7
204067704: 3 8 41 418 51 2
105136128: 12 43 626 784 92
107513: 446 629 14
12638391610: 2 9 439 3 9 3 1 2 93 22
5481927: 1 6 5 61 9 52 8 2 711 1
494: 1 8 9 7 4 9 9
201410546007: 6 94 705 272 910 94 2
1221623261: 8 227 7 961 64
1410025819: 163 910 98 97 8 831
28013931443: 9 393 8 9 99 443
1521609: 300 58 374 5 9
170559258136: 254 66 6 95 7 7 1 267 8
1142442: 310 994 876 92 7 40
6517280510: 6 3 5 4 54 6 8 22 98 4 5
1490871: 3 20 1 63 4 6 1 4 6 935 3
20854329: 41 69 62 7 3 5 1 805
106936320: 8 4 13 2 26 8 6 948 6 8
571402237: 19 5 7 459 3 7 8 4 5 6 9 8
167161596: 241 4 1 10 339 605 94
28143: 455 3 57 6 1 1 9 250 83
43685065: 1 9 7 9 6 8 2 321 33 5 9 1
79619936: 49 761 56 90 16
41946479: 5 5 34 138 894
57598: 8 40 3 20 20
127121269: 326 945 21 2 69
18979949: 7 1 124 8 4 2 9 2 1 5 4
499142: 9 59 94 5
1268: 9 2 665 5 587
622803: 773 5 4 2 5 3 5 23 62 4 3
33396252672: 6 4 828 30 84 42 9 6 32
134343013: 3 48 8 77 24 9 590 1 3
3065273075: 744 5 455 5 409 79
91656: 709 15 80 1 114
2030519: 846 120 3 5 2 49
2593231: 258 1 32 27 4
526434325: 10 541 16 1 158 97
370386: 687 1 35 9 57
380742391: 995 2 4 85 21 93 391
694138189875: 795 179 82 321 5 975
46246147: 12 34 72 23 963
1752253695: 5 805 6 4 3 5 9 9 86 8 9 8
1018546: 7 33 859 315 839
1209475: 3 7 5 85 54 53 200 73 2
8596052: 9 83 8 939 43 3 2 89 1 5
19579244: 9 789 2 842 80 324
22035386736: 8 311 913 968 87 3
1705571712: 99 7 726 5 339
1476197: 49 3 6 163 34
1873680: 1 89 208 16 77 3
84274656: 167 7 2 9 38 2 7 7 59 3 4
17630534: 1 957 143 9 4 3 4 4
7784459: 77 84 398 63
916: 42 816 6 49
3925800: 30 56 584 9 321 4
48564: 42 443 64
43441598585: 3 2 6 6 1 3 8 1 598 5 81 5
330294: 69 82 522 81 536 6
374283: 8 91 72 991 62 7
11786799: 5 6 5 8 6 322 647 7 5 9 7
1119865765482: 7 2 71 8 5 55 4 8 4 7 55 1
4608894: 2 2 64 6 5 8 894
1095242: 1 2 589 29 3
12624218838020: 3 1 63 9 5 6 8 621 7 4 57
389828: 3 40 40 8 1 830
930: 9 2 8
246240722141: 87 8 6 7 58 828 2 348 8
1447991: 34 19 683 7 4
340429923: 84 440 79 588 4 81 4
4789900188: 139 9 5 45 6 58 487 3
4168762470: 7 358 658 8 50 1 1 8 52
151335: 4 5 2 636 9 3 3 5 2 805 5
9791280620: 6 7 995 4 9 5 80 61 3 9
1024689835203: 5 9 79 5 1 6 5 9 61 3 40 6
175848464: 8 2 98 968 84 8 7 1 2 2
17800: 16 1 98 81 7
16548482486: 2 85 582 7 6 51 8 248 7
129595722: 6 6 1 298 4 61 849 9 6 3
641: 40 544 1 52 7
15536376570374: 57 177 5 1 95 286 375
938253: 19 6 42 82 9
991176: 1 2 5 662 5 6 7 9 1 35 46
658757454: 54 616 5 9 296 440 8 6
1474163363197: 9 437 20 937 792 8 4
34922171579: 4 2 5 6 41 7 7 4 343 5 8 1
926813: 99 9 325 7 13
33497086: 63 202 530 2 26
13236640: 4 5 5 78 8 5 2 84 641 1
6100706368: 181 476 730 97 5
56039165208647: 8 1 809 548 5 834 6 25
24855552: 4 9 20 8 2 3 4 12 1 72 8
9508: 7 6 46 6 9 2 1 4
9133: 8 32 958 74 8 8 548 1
9497462159: 1 9 78 63 795 48
973785484: 562 411 785 4 81
